31.312500 1 4174
31.750000 1 15287
31.312500 1 4174
31.687500 1 15038
31.250000 1 4174
31.250000 1 4174
31.250000 1 4174
31.500000 1 15321
31.250000 1 4151
31.250000 88 4151
31.500000 1 14452
31.250000 85 4129
31.250000 85 4151
31.250000 84 4129
31.375000 35 5189
31.250000 96 10560
31.312500 33 5246
31.250000 91 10503
31.312500 32 5697
31.250000 92 11056
31.250000 91 11033
31.250000 30 5697
31.250000 91 11124
31.250000 90 11011
31.250000 90 11112
31.250000 29 5877
31.250000 89 10808
31.187500 88 10887
31.187500 88 11000
31.187500 28 5821
31.250000 90 10729
31.125000 27 5956
31.187500 91 11236
31.125000 27 5877
31.187500 91 11203
31.187500 90 10864
31.187500 91 11112
31.125000 27 6047
31.187500 94 11236
31.187500 97 11203
31.062500 27 6272
31.187500 98 11112
31.062500 26 6487
31.187500 100 11394
31.187500 100 11349
31.187500 96 10954
31.062500 25 5866
31.187500 96 11056
31.062500 25 5877
31.187500 94 11146
