99.9514924380721 59.9939482269831
99.9514905793664 59.99394799497
99.9514924380721 59.9939482269831
99.9514905793664 59.99394799497
99.9514924380721 59.9939482269831
99.9514924380721 59.9939482269831
99.9514924380721 59.9939482269831
99.9514905793664 59.99394799497
99.9514913553409 59.9939480918311
71.1379857450927 44.1595066181684
99.9514905793664 59.99394799497
70.1796139113519 43.5777724909047
70.1803255127098 43.5781687161061
69.941957774491 43.432638430706
79.2837038152263 49.8989103746641
11.4483892699343 11.447465444986
84.3981799042434 52.6698365911682
10.6380555281947 10.6351335655062
86.5595868127275 53.823756697725
10.7820721048348 10.7797501055254
10.6380555281947 10.6351335655062
90.148901380283 55.7121990138622
10.6380555281947 10.6351335655062
10.5034910670089 10.4998154403398
10.5034910670089 10.4998154403398
91.6097956580645 56.4577067788139
10.3794908771623 10.3748687816318
10.2660437967076 10.2602348154941
10.2660437967076 10.2602348154941
92.8749795946153 57.0870875973783
10.5034910670089 10.4998154403398
93.964993250523 57.614810741467
10.6380555281947 10.6351335655062
93.964993250523 57.614810741467
10.6380555281947 10.6351335655062
10.5034910670089 10.4998154403398
10.6380555281947 10.6351335655062
93.964993250523 57.614810741467
11.0978667470264 11.0964015822588
11.6335774095169 11.632843805943
93.964993250523 57.614810741467
11.8269316498451 11.8263491753565
94.8994529986087 58.0481394720537
12.233892704801 12.2335255030778
12.233892704801 12.2335255030778
11.4483892699343 11.447465444986
95.6975303008329 58.4083485752302
11.4483892699343 11.447465444986
95.6975303008329 58.4083485752302
11.0978667470264 11.0964015822588
